,Genre,Popularity Score,Popularity Score,Followers,Instance Count
,,sum,mean,mean,sum
0,pop,10837.0,81.4812030075188,9413435.210526315,133.0
1,rap,8977.0,79.4424778761062,4803341.778761062,113.0
2,pop rap,7498.0,79.76595744680851,4360992.170212766,94.0
3,dance pop,6923.0,80.5,8525194.441860465,86.0
4,trap,6194.0,78.40506329113924,3385346.835443038,79.0
5,hip hop,5890.0,78.53333333333333,4879856.36,75.0
6,post-teen pop,4287.0,80.88679245283019,10411327.358490566,53.0
7,southern hip hop,3585.0,76.27659574468085,2954254.765957447,47.0
8,pop dance,3459.0,82.35714285714286,11663611.214285715,42.0
9,rock,3387.0,76.97727272727273,6531569.545454546,44.0
10,melodic rap,2492.0,80.38709677419355,4442334.612903226,31.0
11,modern rock,2431.0,75.96875,4258556.4375,32.0
12,electropop,2427.0,78.29032258064517,5620013.838709678,31.0
13,latin,2250.0,83.33333333333333,8564602.481481481,27.0
14,underground hip hop,2038.0,72.78571428571429,1868680.4285714286,28.0
15,r&b,1947.0,77.88,6235626.88,25.0
16,contemporary country,1885.0,75.4,2501909.16,25.0
17,reggaeton,1821.0,86.71428571428571,10315638.61904762,21.0
18,trap latino,1817.0,86.52380952380952,8416708.476190476,21.0
19,urban contemporary,1775.0,77.17391304347827,5350158.478260869,23.0
20,gangster rap,1718.0,74.69565217391305,2610819.6086956523,23.0
21,atl hip hop,1656.0,78.85714285714286,4093653.3333333335,21.0
22,country,1394.0,73.36842105263158,2640295.6315789474,19.0
23,edm,1387.0,77.05555555555556,6902742.888888889,18.0
24,tropical,1281.0,80.0625,6361184.625,16.0
25,pop rock,1261.0,74.17647058823529,4675588.176470588,17.0
26,vapor trap,1188.0,69.88235294117646,1169687.3529411764,17.0
27,country road,1182.0,73.875,2959509.1875,16.0
28,indie pop,1169.0,73.0625,1309818.625,16.0
29,classic rock,1068.0,76.28571428571429,6858660.0,14.0
30,tropical house,1034.0,79.53846153846153,5748572.615384615,13.0
31,album rock,983.0,75.61538461538461,5441606.692307692,13.0
32,alternative metal,947.0,72.84615384615384,4474841.384615385,13.0
33,alternative r&b,935.0,71.92307692307692,2515873.5384615385,13.0
34,latin hip hop,919.0,83.54545454545455,6745932.545454546,11.0
35,adult standards,845.0,76.81818181818181,1682586.0,11.0
36,conscious hip hop,824.0,74.9090909090909,4533915.181818182,11.0
37,chicago rap,817.0,81.7,4566560.1,10.0
38,permanent wave,813.0,81.3,10601811.7,10.0
39,nu metal,795.0,72.27272727272727,4389260.090909091,11.0
40,modern alternative rock,740.0,74.0,2015134.5,10.0
41,uk pop,692.0,86.5,21087199.0,8.0
42,regional mexican,685.0,76.11111111111111,2594970.222222222,9.0
43,emo rap,680.0,75.55555555555556,3667494.5555555555,9.0
44,nuevo regional mexicano,677.0,75.22222222222223,1532630.7777777778,9.0
45,corrido,673.0,74.77777777777777,2057521.3333333333,9.0
46,mellow gold,668.0,74.22222222222223,2912252.6666666665,9.0
47,electro house,661.0,73.44444444444444,4179196.6666666665,9.0
48,dirty south rap,659.0,73.22222222222223,2324630.222222222,9.0
49,alternative rock,648.0,72.0,5315645.222222222,9.0
50,miami hip hop,645.0,80.625,7128429.375,8.0
51,cali rap,640.0,71.11111111111111,636345.8888888889,9.0
52,hip pop,633.0,70.33333333333333,4518370.0,9.0
53,soft rock,617.0,77.125,3381549.5,8.0
54,pop r&b,594.0,66.0,1113966.4444444445,9.0
55,dark trap,587.0,73.375,961721.0,8.0
56,country rock,567.0,70.875,1903154.75,8.0
57,canadian pop,548.0,91.33333333333333,26718021.833333332,6.0
58,bedroom pop,546.0,78.0,1547734.4285714286,7.0
59,west coast rap,540.0,77.14285714285714,4902242.857142857,7.0
60,sad rap,534.0,66.75,289452.25,8.0
61,show tunes,527.0,75.28571428571429,307809.14285714284,7.0
62,hard rock,525.0,75.0,7460430.285714285,7.0
63,art rock,509.0,72.71428571428571,4526740.428571428,7.0
64,indie poptimism,507.0,72.42857142857143,2336168.0,7.0
65,reggaeton flow,494.0,82.33333333333333,5335345.5,6.0
66,neo mellow,466.0,77.66666666666667,4981654.666666667,6.0
67,boy band,465.0,77.5,4966759.166666667,6.0
68,pop punk,452.0,75.33333333333333,5589004.166666667,6.0
69,easy listening,448.0,74.66666666666667,1050865.5,6.0
70,sierreno,441.0,73.5,870776.6666666666,6.0
71,folk rock,437.0,72.83333333333333,2486331.8333333335,6.0
72,post-grunge,426.0,71.0,5583397.833333333,6.0
73,ccm,404.0,67.33333333333333,1136750.3333333333,6.0
74,rap metal,392.0,78.4,6804887.8,5.0
75,glam rock,389.0,77.8,9168687.6,5.0
76,lgbtq+ hip hop,383.0,76.6,3444935.6,5.0
77,g funk,382.0,76.4,3551968.6,5.0
78,florida rap,379.0,75.8,1984520.8,5.0
79,modern country rock,378.0,75.6,2641866.4,5.0
80,trap queen,376.0,75.2,1072067.6,5.0
81,hollywood,374.0,74.8,578525.2,5.0
82,indie r&b,371.0,61.833333333333336,244408.0,6.0
83,neo soul,369.0,73.8,4336137.0,5.0
84,alternative hip hop,367.0,73.4,1675958.6,5.0
85,east coast hip hop,367.0,73.4,3349533.8,5.0
86,outlaw country,366.0,73.2,1285842.0,5.0
87,reggaeton colombiano,365.0,91.25,16282011.75,4.0
88,tennessee hip hop,361.0,72.2,1553064.6,5.0
89,escape room,360.0,72.0,842601.4,5.0
90,texas country,354.0,70.8,688110.2,5.0
91,canadian contemporary r&b,353.0,70.6,7396466.8,5.0
92,indie rock,350.0,70.0,1231275.8,5.0
93,toronto rap,348.0,87.0,14878474.0,4.0
94,world worship,342.0,68.4,1335878.4,5.0
95,dance rock,332.0,66.4,1697280.8,5.0
96,viral rap,332.0,66.4,680388.0,5.0
97,meme rap,326.0,65.2,703067.8,5.0
98,viral pop,324.0,81.0,11825964.75,4.0
99,k-pop,314.0,78.5,11015067.0,4.0
100,vocal jazz,309.0,77.25,930439.25,4.0
101,indietronica,307.0,76.75,3791108.75,4.0
102,drill,307.0,76.75,1724402.25,4.0
103,lounge,304.0,76.0,2397672.25,4.0
104,progressive electro house,303.0,75.75,7774058.75,4.0
105,corridos tumbados,294.0,73.5,785946.75,4.0
106,beatlesque,292.0,73.0,5985774.75,4.0
107,metal,283.0,70.75,3231968.25,4.0
108,worship,281.0,70.25,1644055.5,4.0
109,hardcore hip hop,281.0,70.25,1927345.75,4.0
110,oklahoma country,281.0,70.25,2539170.75,4.0
111,brostep,279.0,69.75,9116600.0,4.0
112,canadian hip hop,268.0,89.33333333333333,18949270.666666668,3.0
113,talent show,258.0,86.0,10979305.333333334,3.0
114,brooklyn drill,252.0,84.0,1743022.0,3.0
115,atl trap,251.0,83.66666666666667,4332038.0,3.0
116,lo-fi beats,249.0,62.25,85803.25,4.0
117,trap soul,249.0,62.25,1010537.5,4.0
118,detroit hip hop,243.0,81.0,16260276.0,3.0
119,emo,241.0,80.33333333333333,8050463.333333333,3.0
120,psychedelic rock,239.0,79.66666666666667,10834614.0,3.0
121,norteno,234.0,78.0,4329590.666666667,3.0
122,dmv rap,233.0,77.66666666666667,2252671.0,3.0
123,banda,232.0,77.33333333333333,4431010.666666667,3.0
124,chicago drill,232.0,77.33333333333333,1814720.0,3.0
125,europop,231.0,77.0,2365408.6666666665,3.0
126,singer-songwriter,230.0,76.66666666666667,2649305.6666666665,3.0
127,queens hip hop,229.0,76.33333333333333,7335957.333333333,3.0
128,latin pop,229.0,76.33333333333333,5261191.333333333,3.0
129,soul,227.0,75.66666666666667,2977980.0,3.0
130,country dawn,227.0,75.66666666666667,2136560.6666666665,3.0
131,yacht rock,226.0,75.33333333333333,3935829.6666666665,3.0
132,christian music,222.0,74.0,2126121.3333333335,3.0
133,indie folk,222.0,74.0,1389085.3333333333,3.0
134,funk rock,220.0,73.33333333333333,5942385.333333333,3.0
135,symphonic rock,219.0,73.0,5445348.666666667,3.0
136,indie pop rap,214.0,71.33333333333333,1770159.0,3.0
137,funk,213.0,71.0,1627331.6666666667,3.0
138,metalcore,213.0,71.0,1768377.0,3.0
139,environmental,213.0,71.0,22806.0,3.0
140,sleep,212.0,70.66666666666667,22717.0,3.0
141,houston rap,210.0,70.0,1236322.3333333333,3.0
142,stomp and holler,209.0,69.66666666666667,1735828.0,3.0
143,quiet storm,208.0,69.33333333333333,2757646.3333333335,3.0
144,melodic metalcore,205.0,68.33333333333333,1563028.3333333333,3.0
145,alabama rap,205.0,68.33333333333333,1505482.0,3.0
146,pop edm,203.0,67.66666666666667,343405.3333333333,3.0
147,bachata,203.0,67.66666666666667,4317132.0,3.0
148,portland hip hop,202.0,67.33333333333333,704786.0,3.0
149,new jersey rap,197.0,65.66666666666667,1427892.3333333333,3.0
150,otacore,191.0,63.666666666666664,304049.0,3.0
151,new wave pop,189.0,63.0,613939.3333333334,3.0
152,rap rock,187.0,62.333333333333336,863475.6666666666,3.0
153,electronic trap,186.0,62.0,407707.6666666667,3.0
154,puerto rican pop,184.0,92.0,14186403.5,2.0
155,anthem worship,182.0,60.666666666666664,147379.33333333334,3.0
156,chill r&b,181.0,60.333333333333336,283090.6666666667,3.0
157,north carolina hip hop,179.0,89.5,8617085.5,2.0
158,new orleans rap,173.0,86.5,6300864.0,2.0
159,philly rap,172.0,86.0,7453020.0,2.0
160,pittsburgh rap,171.0,85.5,7344535.5,2.0
161,ohio hip hop,170.0,85.0,3515102.5,2.0
162,colombian pop,169.0,84.5,3160826.0,2.0
163,korean pop,169.0,56.333333333333336,327138.3333333333,3.0
164,pop soul,167.0,83.5,14879841.5,2.0
165,piano rock,167.0,83.5,8629762.5,2.0
166,baton rouge rap,165.0,82.5,4841896.5,2.0
167,kentucky hip hop,164.0,82.0,2520889.0,2.0
168,mariachi,163.0,81.5,4573185.0,2.0
169,ranchera,163.0,81.5,4573185.0,2.0
170,australian hip hop,163.0,81.5,3039375.0,2.0
171,australian pop,163.0,81.5,10964887.0,2.0
172,punk,161.0,80.5,8800476.5,2.0
173,electro,160.0,80.0,7283148.0,2.0
174,art pop,160.0,80.0,6025744.0,2.0
175,broadway,160.0,80.0,276296.0,2.0
176,complextro,159.0,79.5,6456300.0,2.0
177,melancholia,158.0,79.0,4249098.0,2.0
178,soundtrack,158.0,79.0,1633845.5,2.0
179,house,157.0,78.5,10781355.0,2.0
180,ninja,157.0,78.5,1782779.0,2.0
181,memphis hip hop,156.0,78.0,2788110.0,2.0
182,funk metal,155.0,77.5,8620559.5,2.0
183,country pop,154.0,77.0,3039020.0,2.0
184,motown,154.0,77.0,3643705.5,2.0
185,nyc rap,154.0,77.0,1577065.0,2.0
186,oakland hip hop,154.0,77.0,2635057.5,2.0
187,country rap,154.0,77.0,2275549.5,2.0
188,metropopolis,153.0,76.5,5886579.0,2.0
189,baroque pop,153.0,76.5,5920939.5,2.0
190,big room,152.0,76.0,1222143.5,2.0
191,brill building pop,152.0,76.0,304904.0,2.0
192,classic country pop,150.0,75.0,1266937.5,2.0
193,neo-psychedelic,149.0,74.5,2505635.0,2.0
194,double drumming,149.0,74.5,3820375.0,2.0
195,folk-pop,148.0,74.0,2638204.5,2.0
196,classical,147.0,73.5,2094412.0,2.0
197,mexican pop,146.0,73.0,5347799.5,2.0
198,roots rock,145.0,72.5,1488772.5,2.0
199,uk contemporary r&b,144.0,72.0,1661620.0,2.0
200,blues rock,143.0,71.5,2612326.5,2.0
201,dfw rap,143.0,71.5,14891453.5,2.0
202,glam metal,143.0,71.5,9859595.5,2.0
203,chillwave,139.0,69.5,922754.5,2.0
204,gaming edm,139.0,69.5,247045.0,2.0
205,bedroom soul,137.0,68.5,375694.5,2.0
206,bass trap,137.0,68.5,182616.5,2.0
207,new romantic,135.0,67.5,802901.0,2.0
208,acoustic pop,135.0,67.5,808207.0,2.0
209,new wave,135.0,67.5,802901.0,2.0
210,folk,129.0,64.5,1052934.5,2.0
211,indie soul,128.0,64.0,426835.5,2.0
212,vapor soul,128.0,64.0,214336.5,2.0
213,vapor twitch,127.0,63.5,124986.5,2.0
214,christian alternative rock,127.0,63.5,1520709.0,2.0
215,chillhop,126.0,63.0,89341.0,2.0
216,indiecoustica,126.0,63.0,446359.5,2.0
217,social media pop,125.0,62.5,777863.5,2.0
218,glitchcore,122.0,61.0,189057.5,2.0
219,lilith,121.0,60.5,465438.5,2.0
220,new jack swing,121.0,60.5,870234.5,2.0
221,la pop,120.0,60.0,123833.0,2.0
222,j-pop,115.0,57.5,494761.0,2.0
223,j-poprock,115.0,57.5,494761.0,2.0
224,christian rock,113.0,56.5,377726.5,2.0
225,dubstep,112.0,56.0,315621.5,2.0
226,christian trap,108.0,54.0,48633.0,2.0
227,christian hip hop,108.0,54.0,48633.0,2.0
228,k-indie,103.0,51.5,78811.0,2.0
229,k-pop boy group,97.0,97.0,25972704.0,1.0
230,barbadian pop,90.0,90.0,40130167.0,1.0
231,k-pop girl group,90.0,90.0,17118762.0,1.0
232,panamanian pop,90.0,90.0,6390930.0,1.0
233,jazz pop,89.0,89.0,4220585.0,1.0
234,australian dance,88.0,88.0,17949237.0,1.0
235,etherpop,88.0,88.0,12934980.0,1.0
236,merseybeat,87.0,87.0,17987477.0,1.0
237,british invasion,87.0,87.0,17987477.0,1.0
238,r&b en espanol,86.0,86.0,4331222.0,1.0
239,sheffield indie,86.0,86.0,10198879.0,1.0
240,garage rock,86.0,86.0,10198879.0,1.0
241,uk dance,86.0,86.0,20927705.0,1.0
242,progressive house,86.0,86.0,20927705.0,1.0
243,moombahton,85.0,85.0,2325274.0,1.0
244,bmore,85.0,85.0,2325274.0,1.0
245,australian rock,85.0,85.0,17029429.0,1.0
246,deep talent show,84.0,84.0,1041178.0,1.0
247,british soul,84.0,84.0,24428397.0,1.0
248,rap latina,83.0,83.0,5087975.0,1.0
249,rap conscient,83.0,83.0,3059735.0,1.0
250,a cappella,83.0,83.0,2835384.0,1.0
251,boston indie,83.0,83.0,1935840.0,1.0
252,south carolina hip hop,83.0,83.0,8246222.0,1.0
253,deep underground hip hop,83.0,83.0,536983.0,1.0
254,rockabilly,82.0,82.0,4854512.0,1.0
255,rock-and-roll,82.0,82.0,4854512.0,1.0
256,australian psych,82.0,82.0,4406045.0,1.0
257,progressive rock,82.0,82.0,13408673.0,1.0
258,dutch house,81.0,81.0,2097349.0,1.0
259,uk metalcore,81.0,81.0,3333087.0,1.0
260,grunge,81.0,81.0,11662717.0,1.0
261,hawaiian hip hop,81.0,81.0,3773157.0,1.0
262,queer country,81.0,81.0,3764975.0,1.0
263,filter house,81.0,81.0,6914555.0,1.0
264,swedish pop,80.0,80.0,8031279.0,1.0
265,british indie rock,80.0,80.0,1274810.0,1.0
266,rap dominicano,80.0,80.0,1374059.0,1.0
267,irish rock,80.0,80.0,7594546.0,1.0
268,german techno,80.0,80.0,5260859.0,1.0
269,irish singer-songwriter,80.0,80.0,4302441.0,1.0
270,scandipop,80.0,80.0,8031279.0,1.0
271,swedish electropop,80.0,80.0,8031279.0,1.0
272,dembow,80.0,80.0,1374059.0,1.0
273,socal pop punk,79.0,79.0,6182899.0,1.0
274,electro latino,79.0,79.0,4059427.0,1.0
275,oxford indie,79.0,79.0,5678302.0,1.0
276,nu gaze,79.0,79.0,4546505.0,1.0
277,glee club,79.0,79.0,1313583.0,1.0
278,eau claire indie,79.0,79.0,2819894.0,1.0
279,heartland rock,78.0,78.0,5762252.0,1.0
280,pop emo,78.0,78.0,5577472.0,1.0
281,pixie,78.0,78.0,5577472.0,1.0
282,teen pop,78.0,78.0,2453440.0,1.0
283,boston hip hop,78.0,78.0,1495591.0,1.0
284,german soundtrack,78.0,78.0,2314846.0,1.0
285,gauze pop,78.0,78.0,1385402.0,1.0
286,afropop,78.0,78.0,489698.0,1.0
287,groove metal,78.0,78.0,4470320.0,1.0
288,azonto,78.0,78.0,489698.0,1.0
289,melodic dubstep,78.0,78.0,986524.0,1.0
290,bubblegrunge,78.0,78.0,2258590.0,1.0
291,scam rap,78.0,78.0,1055806.0,1.0
292,norwegian indie,78.0,78.0,2258590.0,1.0
293,shiver pop,78.0,78.0,1385402.0,1.0
294,afro dancehall,78.0,78.0,489698.0,1.0
295,candy pop,78.0,78.0,5577472.0,1.0
296,nigerian hip hop,78.0,78.0,489698.0,1.0
297,nigerian pop,78.0,78.0,489698.0,1.0
298,swing,77.0,77.0,1795327.0,1.0
299,st louis rap,77.0,77.0,1655658.0,1.0
